14,299
14,261
14,260
14,259
14,258
14,84
14,83
14,81
15,371
15,368
15,367
15,362
15,361
15,356
14,252
14,251
14,250
14,249
14,248
14,247
14,246
14,245
14,244
14,243
14,242
14,241
14,240
14,239
14,238
14,237
14,236
14,235
14,234
0,404
7,5
14,131
14,130
14,127
14,126
14,125
14,124
14,123
14,122
14,121
14,120
14,119
14,118
14,117
14,116
14,115
14,114
14,113
14,112
14,111
14,110
14,109
14,108
14,107
14,106
14,105
14,104
14,103
14,95
14,94
14,93
14,92
14,91
14,90
14,89
14,88
14,87
14,86
14,85
14,78
14,77
14,76
14,75
14,74
14,73
14,72
14,71
14,70
14,69
14,66
14,65
14,64
14,405
14,383
14,381
14,380
14,379
14,378
14,377
14,376
14,374
14,373
14,372
14,371
14,370
14,369
14,367
14,366
14,365
14,364
14,362
14,361
14,360
14,359
14,357
14,356
14,341
14,340
14,338
14,337
14,336
14,335
14,333
14,332
14,331
14,330
14,329
14,184
14,183
14,129
14,128
14,447
14,446
14,445
14,444
14,443
14,442
14,441
14,440
14,439
14,438
14,437
14,436
14,435
14,433
14,432
14,431
14,430
14,429
14,428
14,427
14,426
14,425
14,424
14,257
14,256
14,255
14,254
14,253
14,423
14,422
14,420
14,419
14,406
0,340
0,325
16,2
0,337
0,353
0,421
15,38
15,370
15,369
15,366
0,383
14,617
14,616
14,615
14,614
14,613
0,381
0,360
0,420
0,400
0,412
0,384
12,5
19,4
17,2
16,34
15,373
15,372
0,316
15,44
16,66
2,15
0,366
64,5
60,3
41,4
37,6
5,5
0,426
0,362
0,304
0,303
0,12
0,11
0,441
0,10
0,8
16,65
14,633
14,632
0,341
0,419
14,628
20,5
20,4
20,3
17,8
17,7
17,3
19,3
0,380
0,329
66,2
15,10
15,23
15,22
15,21
15,20
15,19
15,18
15,17
15,16
15,15
15,11
15,14
15,13
14,612
14,298
14,297
14,296
14,295
14,294
14,293
14,292
14,291
14,290
14,289
14,288
14,287
14,286
14,285
14,284
14,283
14,282
14,281
14,280
14,279
14,278
15,54
15,33
15,32
15,31
15,30
15,29
15,28
15,27
15,26
15,25
15,24
15,12
15,9
15,8
15,129
15,130
66,3
66,5
77,3
10,2
8,5
15,53
15,52
15,78
15,77
15,76
15,81
15,80
15,79
0,2
15,375
15,50
14,277
15,47
0,365
15,40
16,67
14,276
14,275
14,274
14,273
14,272
14,271
14,270
14,269
14,630
14,631
14,1
14,629
15,70
15,69
15,65
15,64
15,320
15,89
15,83
15,39
0,333
15,48
0,445
15,374
78,3
78,4
0,433
0,428
0,406
15,298
15,105
0,405
0,375
15,1
0,358
14,268
0,355
0,324
0,396
0,339
0,345
0,330
0,328
0,388
0,326
0,376
0,335
0,390
0,321
0,414
0,386
0,331
0,399
0,416
0,402
0,394
0,323
0,423
0,320
0,447
0,338
0,415
2,5
6,2
0,403
0,363
0,401
0,434
0,374
0,350
0,319
2,6
0,372
2,7
0,327
21,2
0,347
0,346
0,398
0,311
0,385
0,356
0,432
0,317
15,7
0,378
0,387
0,369
0,344
0,342
15,88
16,39
0,315
0,354
0,425
0,395
0,407
0,410
0,314
0,373
0,427
0,349
0,313
15,0
0,430
0,334
0,409
0,389
16,38
16,37
16,36
16,35
16,33
16,32
16,31
16,29
0,424
0,364
15,45
0,357
0,443
0,359
0,393
0,371
14,2
0,306
0,301
0,439
0,348
0,343
15,128
15,104
15,103
15,102
15,95
15,94
0,431
0,361
0,391
16,7
0,332
0,446
0,444
0,438
37,7
25,4
26,5
41,6
60,7
11,4
12,3
12,6
76,3
75,3
15,92
16,30
16,18
15,365
15,364
15,363
15,355
15,354
15,337
15,171
15,166
15,165
15,164
15,163
15,162
15,161
15,160
15,159
15,158
15,131
15,71
15,67
15,35
15,43
0,435
0,418
15,66
65,3
8,4
0,312
0,397
0,336
15,51
38,3
15,49
5,3
5,4
21,4
21,3
16,6
0,370
80,4
7,4
7,3
10,3
9,5
15,280
15,93
16,27
15,270
16,16
16,22
10,4
9,3
9,4
8,3
0,429
16,10
15,256
15,106
16,64
16,4
14,0
2,13
18,2
17,6
18,4
18,3
17,10
0,322
17,9
0,411
15,68
15,37
15,36
15,34
16,24
16,5
17,5
17,4
16,19
16,17
14,620
14,265
15,357
16,11
16,3
14,9
6,3
6,5
6,4
14,7
14,5
2,3
1,3
15,46
0,408
0,0
15,42
15,41
15,358
15,271
15,144
15,96
15,87
15,75
15,6
15,2
0,436
0,351
0,300
0,299
0,298
0,297
0,296
0,295
0,294
0,293
0,292
0,291
0,290
0,289
0,288
0,287
0,286
0,285
0,284
0,283
0,282
0,281
0,280
0,279
0,278
0,277
0,276
0,275
0,274
0,273
0,272
0,271
0,270
0,269
0,268
0,267
0,266
0,265
0,264
0,263
0,262
0,261
0,260
0,259
0,258
0,257
0,256
0,255
0,254
0,253
0,252
0,251
0,250
0,249
0,248
0,247
0,246
0,245
0,244
0,242
0,241
0,240
0,239
0,238
0,237
0,236
0,235
0,234
0,233
0,232
0,231
0,230
0,229
0,228
0,227
0,226
0,225
0,224
0,223
0,222
0,221
0,220
0,219
0,218
0,217
0,216
0,215
0,214
0,213
0,212
0,211
0,210
0,209
0,208
0,207
0,206
0,205
0,204
0,201
0,200
0,197
0,196
0,192
0,63
0,62
0,61
0,60
0,59
0,58
0,57
0,56
0,55
0,54
0,53
0,52
0,51
0,50
0,49
0,48
0,47
0,46
0,45
0,6
0,203
0,202
15,359
15,3
15,5
15,4
0,199
0,198
0,195
0,194
0,193
14,638
14,634
14,639
14,182
14,181
14,180
14,179
14,178
14,177
14,176
14,175
14,233
14,232
14,231
14,230
14,229
14,228
14,227
14,68
14,382
14,375
14,368
14,363
14,358
14,339
14,334
14,321
14,434
14,102
14,101
14,100
14,99
14,98
14,97
14,96
14,225
14,266
14,263
14,262
14,80
14,3
14,6
14,4
14,577
14,404
14,403
14,402
14,401
14,400
14,399
14,398
14,397
14,396
14,395
14,384
14,611
14,610
14,609
14,608
14,607
14,606
14,605
14,604
14,603
14,602
14,601
14,600
14,599
14,598
14,597
14,596
14,595
14,594
14,593
14,592
14,591
14,590
14,589
14,588
14,587
14,586
14,585
14,584
14,583
14,582
14,581
14,580
14,579
14,578
14,576
14,637
14,636
14,635
14,627
14,626
14,625
14,624
14,623
14,622
14,621
14,82
14,67
14,264
14,394
14,393
14,392
14,391
14,390
14,389
14,388
14,387
14,386
14,385
14,226
14,328
14,327
14,326
14,325
14,324
14,323
14,322
14,320
14,191
14,190
14,189
14,188
14,187
14,186
14,185
14,192
14,224
14,223
14,222
14,221
14,220
14,219
14,218
14,217
14,216
14,215
14,214
14,213
14,212
14,211
14,210
14,209
14,208
14,207
14,206
14,205
14,204
14,203
14,202
14,201
14,200
14,199
14,198
14,197
14,196
14,195
14,194
14,193
14,79
81,3
12,9
12,7
12,4
29,3
27,3
16,1
16,0
0,243
15,353
15,352
15,351
15,350
15,349
15,348
15,347
15,346
15,345
15,344
15,343
15,342
15,341
15,340
15,339
15,338
15,336
15,335
15,334
15,333
15,332
15,331
15,330
15,329
15,328
15,327
15,326
15,325
15,324
15,323
15,322
15,321
15,314
15,313
15,312
15,311
15,310
15,309
15,308
15,307
15,306
15,305
15,304
15,303
15,302
15,301
15,300
15,299
15,297
15,296
15,295
15,294
15,293
15,292
15,291
15,285
15,290
15,289
15,288
15,287
15,286
15,284
15,283
15,282
15,281
15,279
15,278
15,277
15,276
15,275
15,274
15,273
15,272
15,268
15,267
15,266
15,265
15,264
15,263
15,262
15,261
15,260
15,259
15,258
15,257
15,191
15,190
15,189
15,188
15,187
15,186
15,185
15,184
15,183
15,182
15,181
15,180
15,179
15,178
15,177
15,176
15,175
15,174
15,173
15,172
15,170
15,169
15,168
15,167
15,156
15,155
15,154
15,153
15,152
15,151
15,150
15,149
15,148
15,147
15,146
15,145
15,143
15,142
15,141
15,140
15,139
15,138
15,137
15,136
15,135
15,134
15,133
15,132
15,121
15,120
15,119
15,118
15,114
15,113
15,112
15,111
15,110
15,109
15,108
15,107
15,91
15,90
15,82
15,86
15,85
15,84
16,21
16,20
16,25
16,23
2,14
9,2
37,9
37,8
37,5
37,4
37,3
7,2
5,6
77,6
77,5
77,4
78,5
82,5
82,4
82,3
82,2
82,1
82,0
2,1
2,20
81,4
81,2
81,1
81,0
80,5
80,3
80,2
0,307
0,308
0,9
80,1
80,0
0,7
76,4
0,442
20,2
2,17
2,18
2,19
0,440
2,10
2,11
26,3
2,8
2,9
25,3
64,3
41,3
78,2
78,1
78,0
77,2
77,1
77,0
76,2
76,1
76,0
75,5
75,4
75,2
75,1
75,0
73,10
73,9
73,8
73,7
73,6
73,5
73,4
73,3
73,2
73,1
73,0
72,5
72,4
72,3
72,2
72,1
72,0
71,21
71,20
71,19
71,18
71,17
71,16
71,15
71,14
71,13
71,12
71,11
71,10
71,9
71,8
71,7
71,6
71,5
71,4
71,3
71,2
71,1
71,0
15,269
15,117
15,116
15,115
15,101
2,16
2,2
2,0
0,1
11,5
11,3
4,3
4,2
4,1
4,0
3,6
3,5
3,4
3,3
3,2
3,1
3,0
1,2
1,1
1,0
0,310
0,305
0,302
0,5
0,4
0,3
